{"frame_count": 300, "name": "partSample01", "view_animation": [{"Q": [0.049976769791512596, -0.009787762162366142, 0.0004897963455050966, 0.9987022991325288], "timestamp": 33, "M": [0.9998079196227858, 4.315142710000862e-19, 0.019599078028242938, 0.0, -0.0019566429454506, 0.9950041651614921, 0.09981424176772588, 0.0, -0.019501164271426813, -0.0998334178082771, 0.9948130443861185, 0.0, -166.0533447265625, 3.606593474574811e-16, 172.92189025878906, 1.0], "T": [-166.0533447265625, 3.606593474574811e-16, 172.92189025878906]}, {"Q": [0.04997000827469364, -0.009787765716125692, 0.0004897253244152872, 0.9987026374674395], "timestamp": 66, "M": [0.9998079196227858, -9.52139483742136e-09, 0.019599078028242938, 0.0, -0.0019563694139074165, 0.9950055168842673, 0.09980077148293133, 0.0, -0.019501191714189507, -0.09981994474989388, 0.9948143958306268, 0.0, -166.03138732910156, -5.166986091780648e-08, 172.92344665527344, 1.0], "T": [-166.03138732910156, -5.166986091780648e-08, 172.92344665527344]}, {"Q": [0.049949997999381955, -0.009787776207080979, 0.0004895156050158953, 0.9987036384790307], "timestamp": 100, "M": [0.9998079196227851, -3.6772280908875144e-08, 0.019599078028242938, 0.0, -0.001955560835567463, 0.9950095161486684, 0.09976090694962259, 0.0, -0.0195012728142781, -0.09978007202638968, 0.994818394273564, 0.0, -165.96612548828125, -1.9955255900498315e-07, 172.92788696289062, 1.0], "T": [-165.96612548828125, -1.9955255900498315e-07, 172.92788696289062]}, {"Q": [0.0499171254249513, -0.009787793387873259, 0.000489171958530577, 0.9987052820530694], "timestamp": 133, "M": [0.9998079196227826, -7.978271849268949e-08, 0.01959907802824294, 0.0, -0.0019542342579854212, 0.9950160826002095, 0.0996954178254864, 0.0, -0.01950140579620958, -0.09971456948173135, 0.9948249593798122, 0.0, -165.85855102539062, -4.329577901475352e-07, 172.9349365234375, 1.0], "T": [-165.85855102539062, -4.329577901475352e-07, 172.9349365234375]}, {"Q": [0.04987180192288456, -0.00978781699399361, 0.000488699400317866, 0.9987075463739886], "timestamp": 166, "M": [0.9998079196227765, -1.3658275199367015e-07, 0.019599078028242938, 0.0, -0.0019524076987755767, 0.9950251290917216, 0.09960512326271646, 0.0, -0.019501588749472998, -0.09962425646389796, 0.9948340040229134, 0.0, -165.7096405029297, -7.41195207959563e-07, 172.9442596435547, 1.0], "T": [-165.7096405029297, -7.41195207959563e-07, 172.9442596435547]}, {"Q": [0.04981442222142685, -0.009787846764803359, 0.0004881027825918395, 0.9987104100539494], "timestamp": 200, "M": [0.9998079196227649, -2.0520245954335166e-07, 0.01959907802824294, 0.0, -0.0019500985230626233, 0.9950365701888383, 0.09949080913624063, 0.0, -0.019501819795845008, -0.09950991903720656, 0.9948454427889085, 0.0, -165.52035522460938, -1.1135746259272825e-06, 172.95559692382812, 1.0], "T": [-165.52035522460938, -1.1135746259272825e-06, 172.95559692382812]}, {"Q": [0.049745376875424456, -0.009787882438029208, 0.00048738691668649215, 0.998713851556538], "timestamp": 233, "M": [0.9998079196227457, -2.8367185975853936e-07, 0.01959907802824294, 0.0, -0.001947323930908687, 0.9950503198670307, 0.09935325290108869, 0.0, -0.01950209704482406, -0.09937233484445816, 0.9948591896738028, 0.0, -165.29168701171875, -1.5394055022655417e-06, 172.96861267089844, 1.0], "T": [-165.29168701171875, -1.5394055022655417e-06, 172.96861267089844]}, {"Q": [0.049665077203811185, -0.009787923738200031, 0.00048655681737312553, 0.998717848001976], "timestamp": 266, "M": [0.9998079196227172, -3.700210902847128e-07, 0.019599078028242938, 0.0, -0.0019441019314005983, 0.9950662867376058, 0.0991932732896391, 0.0, -0.019502418500647427, -0.09921232281373009, 0.9948751533104693, 0.0, -165.02456665039062, -2.0079978636233773e-06, 172.98300170898438, 1.0], "T": [-165.02456665039062, -2.0079978636233773e-06, 172.98300170898438]}, {"Q": [0.04957391788957959, -0.00978797039549362, 0.00048561733648306725, 0.998722377078043], "timestamp": 300, "M": [0.9998079196226788, -4.6228009831994877e-07, 0.019599078028242935, 0.0, -0.0019404498826690268, 0.9950843816817595, 0.09901165581527925, 0.0, -0.019502782212384665, -0.09903066864773136, 0.9948932446012283, 0.0, -164.72003173828125, -2.5086608271551245e-06, 172.9984893798828, 1.0], "T": [-164.72003173828125, -2.5086608271551245e-06, 172.9984893798828]}, {"Q": [0.049472293605320156, -0.009788022138162695, 0.00048457332566194275, 0.9987274162536762], "timestamp": 333, "M": [0.9998079196226297, -5.584790215101605e-07, 0.019599078028242928, 0.0, -0.0019363851411167234, 0.9951045147082423, 0.09880918590829109, 0.0, -0.01950318621288112, -0.09882815796604759, 0.9949133735761037, 0.0, -164.37899780273438, -3.0307046468834954e-06, 173.01473999023438, 1.0], "T": [-164.37899780273438, -3.0307046468834954e-06, 173.01473999023438]}, {"Q": [0.04936061148318925, -0.009788078687019879, 0.00048342975874579765, 0.9987329422049173], "timestamp": 366, "M": [0.9998079196225701, -6.566478705388983e-07, 0.019599078028242938, 0.0, -0.001931925549076954, 0.995126592659348, 0.09858667377424234, 0.0, -0.019503628474239487, -0.09860560116831536, 0.9949354470992448, 0.0, -164.00247192382812, -3.5634388947101748e-06, 173.031494140625, 1.0], "T": [-164.00247192382812, -3.5634388947101748e-06, 173.031494140625]}, {"Q": [0.04923925786988111, -0.009788139772076302, 0.00048219140585355186, 0.9987389325022199], "timestamp": 400, "M": [0.9998079196225008, -7.548167195662967e-07, 0.019599078028242938, 0.0, -0.00192708813649525, 0.9951505259517428, 0.09834488817057838, 0.0, -0.019504107040341084, -0.09836376719808793, 0.9949593756084514, 0.0, -163.59140014648438, -4.096172687789499e-06, 173.04840087890625, 1.0], "T": [-163.59140014648438, -4.096172687789499e-06, 173.04840087890625]}, {"Q": [0.04910864404371193, -0.00978820511088259, 0.00048086328150530945, 0.9987453633891873], "timestamp": 433, "M": [0.9998079196224234, -8.510155792754353e-07, 0.019599078028242938, 0.0, -0.0019218909068894254, 0.9951762197013848, 0.09808464750511528, 0.0, -0.019504619853342394, -0.09810347465883396, 0.9949850642417905, 0.0, -163.14678955078125, -4.618216280144179e-06, 173.065185546875, 1.0], "T": [-163.14678955078125, -4.618216280144179e-06, 173.065185546875]}, {"Q": [0.048969160501424636, -0.00978827443110831, 0.0004794501964878535, 0.998752212078129], "timestamp": 466, "M": [0.9998079196223408, -9.432746507930661e-07, 0.01959907802824294, 0.0, -0.0019163510519449418, 0.9952035828945894, 0.09780672876861504, 0.0, -0.019505164933745923, -0.09782550072901211, 0.9950124220068941, 0.0, -162.66957092285156, -5.118879471049577e-06, 173.08154296875, 1.0], "T": [-162.66957092285156, -5.118879471049577e-06, 173.08154296875]}, {"Q": [0.04882121436360762, -0.009788347452924511, 0.000477957124672235, 0.9987594549435768], "timestamp": 500, "M": [0.9998079196222559, -1.0296238813192886e-06, 0.019599078028242945, 0.0, -0.0019104864131774823, 0.9952325211700995, 0.09751194207415277, 0.0, -0.019505740239281994, -0.09753065571576838, 0.9950413545644072, 0.0, -162.16075134277344, -5.587472059781054e-06, 173.09715270996094, 1.0], "T": [-162.16075134277344, -5.587472059781054e-06, 173.09715270996094]}, {"Q": [0.04866519612860408, -0.009788423905410671, 0.00047638887699857734, 0.9987670691892331], "timestamp": 533, "M": [0.9998079196221717, -1.1080933450160548e-06, 0.019599078028242935, 0.0, -0.0019043141832418924, 0.9952629434788046, 0.09720106442522644, 0.0, -0.019506343795712457, -0.097219716810314, 0.9950717708864252, 0.0, -161.6212921142578, -6.0133024813719174e-06, 173.1117401123047, 1.0], "T": [-161.6212921142578, -6.0133024813719174e-06, 173.1117401123047]}, {"Q": [0.04850150876620435, -0.009788503512980816, 0.0004747503867386792, 0.9987750314552564], "timestamp": 566, "M": [0.9998079196220936, -1.1767129890835176e-06, 0.01959907802824294, 0.0, -0.0018978520427823608, 0.9952947565189442, 0.0968748976955295, 0.0, -0.01950697358806628, -0.09689348607884304, 0.9951035776927564, 0.0, -161.0521697998047, -6.3856818993395825e-06, 173.12496948242188, 1.0], "T": [-161.0521697998047, -6.3856818993395825e-06, 173.12496948242188]}, {"Q": [0.04833055109520979, -0.009788586003733488, 0.0004730465464317278, 0.9987833186641863], "timestamp": 600, "M": [0.9998079196220248, -1.2335129511669767e-06, 0.019599078028242935, 0.0, -0.0018911175110620196, 0.9953278681155964, 0.09653423551787829, 0.0, -0.01950762762711201, -0.09655275734509232, 0.9951366828297616, 0.0, -160.45436096191406, -6.693919658212059e-06, 173.13656616210938, 1.0], "T": [-160.45436096191406, -6.693919658212059e-06, 173.13656616210938]}, {"Q": [0.04815271778474998, -0.00978867110975748, 0.0004712822079943217, 0.9987919080473808], "timestamp": 633, "M": [0.9998079196219707, -1.2765233689121262e-06, 0.019599078028242935, 0.0, -0.0018841279463746358, 0.9953621873260451, 0.09617986329472702, 0.0, -0.019508303951608835, -0.09619831620086278, 0.9951709953756943, 0.0, -159.8288116455078, -6.927324647770008e-06, 173.14622497558594, 1.0], "T": [-159.8288116455078, -6.927324647770008e-06, 173.14622497558594]}, {"Q": [0.047968411824075526, -0.009788758561554298, 0.00046946230493239175, 0.9988007765706051], "timestamp": 666, "M": [0.9998079196219357, -1.3037743799654008e-06, 0.019599078028242938, 0.0, -0.001876901033328362, 0.9953976221444403, 0.095812583055177, 0.0, -0.019509000583527433, -0.09583096486780392, 0.995206423345799, 0.0, -159.176513671875, -7.075207576783489e-06, 173.1536407470703, 1.0], "T": [-159.176513671875, -7.075207576783489e-06, 173.1536407470703]}, {"Q": [0.047778032055497986, -0.00978884809423943, 0.00046759173034903917, 0.99880990156479], "timestamp": 700, "M": [0.9998079196219231, -1.3132957410766498e-06, 0.019599078028242935, 0.0, -0.0018694542963908105, 0.9954340820217549, 0.09543318861978563, 0.0, -0.019509715577516934, -0.09545149735745966, 0.9952428762117834, 0.0, -158.4984588623047, -7.1268773350331655e-06, 173.1584930419922, 1.0], "T": [-158.4984588623047, -7.1268773350331655e-06, 173.1584930419922]}, {"Q": [0.04757857609097804, -0.00977407525950451, 0.000464929888731739, 0.9988195684858077], "timestamp": 733, "M": [0.9998085025860401, -1.3110252281821373e-06, 0.019569316670268188, 0.0, -0.0018588353085849422, 0.9954721258747071, 0.095035737161274, 0.0, -0.019480833861916215, -0.09505391420016544, 0.9952814930999532, 0.0, -157.787109375, -7.019636995757614e-06, 173.16163635253906, 1.0], "T": [-157.787109375, -7.019636995757614e-06, 173.16163635253906]}, {"Q": [0.04736719435885993, -0.009730987033964753, 0.000460816713581894, 0.9988300378131764], "timestamp": 766, "M": [0.9998101910786026, -1.3039573788150197e-06, 0.01948285948386117, 0.0, -0.0018424142591866026, 0.995512273093053, 0.09461458466219848, 0.0, -0.019395549104516997, -0.09463252146805809, 0.9953233135798296, 0.0, -157.03538513183594, -6.70701683666445e-06, 173.16415405273438, 1.0], "T": [-157.03538513183594, -6.70701683666445e-06, 173.16415405273438]}, {"Q": [0.04714452941379936, -0.009661701832003574, 0.0004553782030383972, 0.998841247393575], "timestamp": 800, "M": [0.9998128882968035, -1.2917076950685664e-06, 0.019343949801821577, 0.0, -0.0018206938371299378, 0.9955543719540874, 0.09417100167808777, 0.0, -0.01925807543747139, -0.09418860059176197, 0.9953680897281217, 0.0, -156.244873046875, -6.202668373227283e-06, 173.16612243652344, 1.0], "T": [-156.244873046875, -6.202668373227283e-06, 173.16612243652344]}, {"Q": [0.046911198813334117, -0.009568339124277488, 0.00044873995751039235, 0.9988531348225069], "timestamp": 833, "M": [0.9998164910377066, -1.2738913860208462e-06, 0.019156832917383328, 0.0, -0.0017941751445035169, 0.9955982761166927, 0.09370620859377714, 0.0, -0.0190726291999343, -0.09372338337814544, 0.9954155726245972, 0.0, -155.41720581054688, -5.520242666172376e-06, 173.1676025390625, 1.0], "T": [-155.41720581054688, -5.520242666172376e-06, 173.1676025390625]}, {"Q": [0.04666785334234928, -0.009453017358712299, 0.0004410272514724828, 0.9988656353194839], "timestamp": 866, "M": [0.9998208919155587, -1.2501240076003042e-06, 0.018925751969575935, 0.0, -0.0017633579869486694, 0.9956438339187609, 0.09322149187907676, 0.0, -0.01884342478920914, -0.09323816803213207, 0.9954655038544656, 0.0, -154.55398559570312, -4.673390321478639e-06, 173.16864013671875, 1.0], "T": [-154.55398559570312, -4.673390321478639e-06, 173.16864013671875]}, {"Q": [0.046415118855006536, -0.009317854010393114, 0.0004323641072969353, 0.9988786850261624], "timestamp": 900, "M": [0.9998259813158394, -1.2200208334446557e-06, 0.01865494798519211, 0.0, -0.001728737184630538, 0.9956908996059086, 0.09271808836318168, 0.0, -0.018574675059476804, -0.09273420318570617, 0.9955176286766333, 0.0, -153.65676879882812, -3.675763081993358e-06, 173.1693572998047, 1.0], "T": [-153.65676879882812, -3.675763081993358e-06, 173.1693572998047]}, {"Q": [0.04615362955231864, -0.009164968705018529, 0.00042287342260528897, 0.9988922199145671], "timestamp": 933, "M": [0.9998316490534089, -1.183197241901424e-06, 0.018348666156995878, 0.0, -0.0016908030846381737, 0.9957393273144315, 0.09219725171789156, 0.0, -0.01827059758381809, -0.09221275420462902, 0.9955716916555667, 0.0, -152.7272186279297, -2.541012463190147e-06, 173.16978454589844, 1.0], "T": [-152.7272186279297, -2.541012463190147e-06, 173.16978454589844]}, {"Q": [0.045884011382994805, -0.008996478049284109, 0.000412676261808733, 0.9989061770659029], "timestamp": 966, "M": [0.9998377861620237, -1.1392683420117435e-06, 0.018011145475124054, 0.0, -0.0016500387365388485, 0.9957889743954164, 0.09166021953220979, 0.0, -0.017935404505946755, -0.09167507006393309, 0.9956274417642281, 0.0, -151.76690673828125, -1.2827885026137264e-06, 173.1699981689453, 1.0], "T": [-151.76690673828125, -1.2827885026137264e-06, 173.1699981689453]}, {"Q": [0.04560691115708163, -0.008814504987518304, 0.0004018922663044413, 0.9989204936525936], "timestamp": 1000, "M": [0.9998442859688627, -1.0878496148163034e-06, 0.017646637476638197, 0.0, -0.0016069215338227847, 0.9958396962746325, 0.09110827145123233, 0.0, -0.017573321217101937, -0.09112244137677548, 0.9956846283130701, 0.0, -150.77743530273438, 8.525639608387131e-08, 173.1700897216797, 1.0], "T": [-150.77743530273438, 8.525639608387131e-08, 173.1700897216797]}, {"Q": [0.04532295916090903, -0.00862116376366509, 0.0003906383622513083, 0.9989351091587124], "timestamp": 1033, "M": [0.99985104587406, -1.0285562860209675e-06, 0.017259376103741852, 0.0, -0.0015619180564343867, 0.9958913535491373, 0.0905426547990104, 0.0, -0.01718855655758585, -0.09055612582818376, 0.9957430098165175, 0.0, -149.76043701171875, 1.5494715629748902e-06, 173.17010498046875, 1.0], "T": [-149.76043701171875, 1.5494715629748902e-06, 173.17010498046875]}, {"Q": [0.045032781634320514, -0.008418576553952327, 0.00037902941199859227, 0.9989499649550951], "timestamp": 1066, "M": [0.9998579678110202, -9.610035860030318e-07, 0.016853611004571955, 0.0, -0.0015154866749177793, 0.9959438098299612, 0.08996460949462765, 0.0, -0.016785336009597886, -0.08997737304711209, 0.9958023522941617, 0.0, -148.71749877929688, 3.0962064560292656e-06, 173.1701202392578, 1.0], "T": [-148.71749877929688, 3.0962064560292656e-06, 173.1701202392578]}, {"Q": [0.04473702157126747, -0.008208861517901487, 0.00036717763884728307, 0.9989650037284056], "timestamp": 1100, "M": [0.9998649595463228, -8.848068836857685e-07, 0.01643358362157204, 0.0, -0.0014680752523239394, 0.995996928163027, 0.08937540962069843, 0.0, -0.016367877885773645, -0.08938746606225749, 0.9958624269870238, 0.0, -147.65020751953125, 4.71180828790189e-06, 173.17019653320312, 1.0], "T": [-147.65020751953125, 4.71180828790189e-06, 173.17019653320312]}, {"Q": [0.044436309628576004, -0.0079941390519066, 0.0003551924829198729, 0.9989801709572179], "timestamp": 1133, "M": [0.9998719351582377, -7.995816287989626e-07, 0.016003539679756398, 0.0, -0.0014201205708688526, 0.9960505764497868, 0.08877630546272816, 0.0, -0.015940405907161316, -0.08878766329512275, 0.9959230162548243, 0.0, -146.56019592285156, 6.382627816855904e-06, 173.17041015625, 1.0], "T": [-146.56019592285156, 6.382627816855904e-06, 173.17041015625]}, {"Q": [0.04413127660360442, -0.007776526593104171, 0.0003431803286047798, 0.9989954145474067], "timestamp": 1166, "M": [0.9998788157228176, -7.049429130366345e-07, 0.015567718787247213, 0.0, -0.0013720472414692252, 0.9961046253051965, 0.08816854842834486, 0.0, -0.01550713884322092, -0.08817922343215134, 0.9959839121189661, 0.0, -145.44906616210938, 8.095012163175643e-06, 173.1708526611328, 1.0], "T": [-145.44906616210938, 8.095012163175643e-06, 173.1708526611328]}, {"Q": [0.04382256174861348, -0.0075581458942592696, 0.0003312447675500045, 0.9990106845221096], "timestamp": 1200, "M": [0.9998855294150903, -6.005063634182782e-07, 0.015130368995643583, 0.0, -0.0013242687542614072, 0.9961589467173859, 0.08755340762742984, 0.0, -0.01507230501852412, -0.08756342201254926, 0.9960449150248604, 0.0, -144.31837463378906, 9.835312085124251e-06, 173.1715545654297, 1.0], "T": [-144.31837463378906, 9.835312085124251e-06, 173.1715545654297]}, {"Q": [0.043510804459862044, -0.0073411157533090875, 0.0003194861091565652, 0.9990259335189343], "timestamp": 1233, "M": [0.9998920118962451, -4.858872259498183e-07, 0.014695732232286637, 0.0, -0.0012771855210118284, 0.9962134156477633, 0.0869321533183292, 0.0, -0.014640127841794021, -0.08694153485636476, 0.9961058358295043, 0.0, -143.1697998046875, 1.158987288399666e-05, 173.172607421875, 1.0], "T": [-143.1697998046875, 1.158987288399666e-05, 173.172607421875]}, {"Q": [0.043196627644939034, -0.00712755617475499, 0.0003080013767620055, 0.9990411174912833], "timestamp": 1266, "M": [0.9998982061562552, -3.6070094021909594e-07, 0.014268052613190477, 0.0, -0.0012311848594568902, 0.996267912990513, 0.08630602371427996, 0.0, -0.014214834130046013, -0.08631480490273906, 0.9961664986061606, 0.0, -142.0048828125, 1.3345048501287466e-05, 173.174072265625, 1.0], "T": [-142.0048828125, 1.3345048501287466e-05, 173.174072265625]}, {"Q": [0.04288067097501396, -0.006919587836907779, 0.0002968844890650473, 0.9990561942255801], "timestamp": 1300, "M": [0.9999040623275349, -2.2456309443812728e-07, 0.013851575392087766, 0.0, -0.0011866417141741662, 0.9963223198326657, 0.0856762912636745, 0.0, -0.013800652967715035, -0.08568450853687247, 0.9962267347218, 0.0, -140.8252716064453, 1.508718287404955e-05, 173.17604064941406, 1.0], "T": [-140.8252716064453, 1.508718287404955e-05, 173.17604064941406]}, {"Q": [0.04256357009260143, -0.006719331575277951, 0.00028622606442049275, 0.999071124174247], "timestamp": 1333, "M": [0.999909537315643, -7.708906244184293e-08, 0.013450545907535494, 0.0, -0.00114391787285665, 0.9963765211512247, 0.08504422114690467, 0.0, -0.01340181469491433, -0.08505191413823399, 0.9962863861683073, 0.0, -139.63255310058594, 1.6802627215293405e-05, 173.17855834960938, 1.0], "T": [-139.63255310058594, 1.6802627215293405e-05, 173.17855834960938]}, {"Q": [0.042245964917435076, -0.006528906296106045, 0.000276113402636341, 0.9990858699792328], "timestamp": 1366, "M": [0.9999145942879312, 8.210550267595305e-08, 0.013069205407958013, 0.0, -0.0011033618908407436, 0.9964304044191674, 0.0844110877882297, 0.0, -0.013022546699473978, -0.08441829866236134, 0.9963453036615431, 0.0, -138.42831420898438, 1.8477730919040122e-05, 173.18170166015625, 1.0], "T": [-138.42831420898438, 1.8477730919040122e-05, 173.18170166015625]}, {"Q": [0.04192430959689443, -0.0063481125051351615, 0.0002665144252401175, 0.9991005868792726], "timestamp": 1400, "M": [0.9999192608753665, 2.689692959798139e-07, 0.012707152725463989, 0.0, -0.001064829905380794, 0.9964845624697697, 0.08376982091841974, 0.0, -0.012662458992360768, -0.0837765883726424, 0.9964041074648917, 0.0, -137.2036895751953, 1.997225263076042e-05, 173.1856689453125, 1.0], "T": [-137.2036895751953, 1.997225263076042e-05, 173.1856689453125]}, {"Q": [0.04159505451023178, -0.0061742613417713945, 0.00025729414655313636, 0.9991154406458227], "timestamp": 1433, "M": [0.9999236245932114, 4.956350752596961e-07, 0.012359004010394872, 0.0, -0.0010277705833608515, 0.9965395704800263, 0.08311334522874943, 0.0, -0.01231619535419071, -0.08311969963395954, 0.9964634598743489, 0.0, -135.94976806640625, 2.119175951556922e-05, 173.19058227539062, 1.0], "T": [-135.94976806640625, 2.119175951556922e-05, 173.19058227539062]}, {"Q": [0.04125881527463494, -0.006005743444881983, 0.0002483842329717124, 0.9991304116646038], "timestamp": 1466, "M": [0.9999277387018943, 7.567631215767686e-07, 0.012021537919244488, 0.0, -0.0009919162006385186, 0.9965952969348126, 0.08244289071632174, 0.0, -0.01198054576250324, -0.08244885764423765, 0.9965232824156156, 0.0, -134.66807556152344, 2.2191319658669466e-05, 173.1962890625, 1.0], "T": [-134.66807556152344, 2.2191319658669466e-05, 173.1962890625]}, {"Q": [0.04091621579590845, -0.005840947823874697, 0.00023971783239986897, 0.9991454794717445], "timestamp": 1500, "M": [0.9999316517277593, 1.0470139535908415e-06, 0.011691529921230653, 0.0, -0.0009570049404107867, 0.9966516116406072, 0.08175970374044163, 0.0, -0.011652296534988255, -0.08176530445784763, 0.9965834932269231, 0.0, -133.3601531982422, 2.30259956882959e-05, 173.20266723632812, 1.0], "T": [-133.3601531982422, 2.30259956882959e-05, 173.20266723632812]}, {"Q": [0.04056786332692264, -0.00567826445953339, 0.00023122966894502451, 0.9991606238791919], "timestamp": 1533, "M": [0.9999354076911355, 1.3610475080336693e-06, 0.01136575750709063, 0.0, -0.0009227812736219247, 0.9967083899958565, 0.0810649972959253, 0.0, -0.011328235532663064, -0.08107024922876992, 0.9966440115556314, 0.0, -132.0275421142578, 2.3750846594704443e-05, 173.20960998535156, 1.0], "T": [-132.0275421142578, 2.3750846594704443e-05, 173.20960998535156]}, {"Q": [0.0402143775744126, -0.005516083774228261, 0.00022285631055163918, 0.9991758238624288], "timestamp": 1566, "M": [0.999939046309721, 1.6935241389382409e-06, 0.011040999154852122, 0.0, -0.000888997026654563, 0.9967655083427348, 0.08036000909989975, 0.0, -0.011005151043582663, -0.08036492627621421, 0.9967047533121964, 0.0, -130.6717529296875, 2.442094228208745e-05, 173.2169647216797, 1.0], "T": [-130.6717529296875, 2.442094228208745e-05, 173.2169647216797]}, {"Q": [0.03985636991357713, -0.005352795595392325, 0.00021453610049450354, 0.9991910584722461], "timestamp": 1600, "M": [0.9999426031071509, 2.0391040237765297e-06, 0.010714032253853518, 0.0, -0.0008554111093106684, 0.9968228475031474, 0.0796459601458295, 0.0, -0.010679829733129018, -0.0796505536174046, 0.996765634713252, 0.0, -129.2943572998047, 2.5091343559690253e-05, 173.22467041015625, 1.0], "T": [-129.2943572998047, 2.5091343559690253e-05, 173.22467041015625]}, {"Q": [0.03949446417848069, -0.005186788629811812, 0.00020620932829962048, 0.9992063060252758], "timestamp": 1633, "M": [0.9999461094028451, 2.392446913527205e-06, 0.010381632067715921, 0.0, -0.0008217901978793416, 0.9968802895539353, 0.07892409619205576, 0.0, -0.010349055559996732, -0.07892837444885334, 0.9968265690459286, 0.0, -127.89688873291016, 2.5817114874736995e-05, 173.2325439453125, 1.0], "T": [-127.89688873291016, 2.5817114874736995e-05, 173.2325439453125]}, {"Q": [0.039129271715420286, -0.005016452547465167, 0.0001978182338000608, 0.9992215450873776], "timestamp": 1666, "M": [0.9999495921435708, 2.748212893752127e-06, 0.010040575897512566, 0.0, -0.0007879087520028593, 0.9969377219259343, 0.0781956379916864, 0.0, -0.010009613963830056, -0.0781996073748179, 0.9968874705977198, 0.0, -126.4808578491211, 2.6653317036473002e-05, 173.240478515625, 1.0], "T": [-126.4808578491211, 2.6653317036473002e-05, 173.240478515625]}, {"Q": [0.03876141217193904, -0.004840176937929145, 0.00018930711224450798, 0.9992367536157104], "timestamp": 1700, "M": [0.9999530737000536, 3.1010619987633536e-06, 0.009687641002773476, 0.0, -0.0007535494351035047, 0.9969950341785085, 0.07746182276865993, 0.0, -0.00965828975875432, -0.07746548788833542, 0.9969482512272931, 0.0, -125.0478286743164, 2.7655019949090633e-05, 173.24838256835938, 1.0], "T": [-125.0478286743164, 2.7655019949090633e-05, 173.24838256835938]}, {"Q": [0.03839150102204163, -0.0046563513140458, 0.00018062226521796954, 0.9992519093888749], "timestamp": 1733, "M": [0.9999565715360749, 3.445654330051125e-06, 0.009319604602450765, 0.0, -0.000718502919258748, 0.9970521200497438, 0.07672387931971607, 0.0, -0.009291867162931889, -0.07672724348260407, 0.9970088220834298, 0.0, -123.59933471679688, 2.887728260284581e-05, 173.25608825683594, 1.0], "T": [-123.59933471679688, 2.887728260284581e-05, 173.25608825683594]}, {"Q": [0.03802014956389438, -0.004463365113579439, 0.0001717120005112599, 0.9992669899050959], "timestamp": 1766, "M": [0.9999600977737036, 3.7766494098205225e-06, 0.008933243875670592, 0.0, -0.0006825678861160553, 0.997108877484256, 0.07598302799420323, 0.0, -0.00890712981190518, -0.07598609364761386, 0.997069093198004, 0.0, -122.13690185546875, 3.037517126395208e-05, 173.26351928710938, 1.0], "T": [-122.13690185546875, 3.037517126395208e-05, 173.26351928710938]}, {"Q": [0.03764797739156268, -0.004259606660004796, 0.00016252662752863837, 0.9992819717850021], "timestamp": 1800, "M": [0.9999636586723948, 4.0887071831480815e-06, 0.008525333882073691, 0.0, -0.0006455510081143894, 0.9971652067668393, 0.07524050556410573, 0.0, -0.008500858686878788, -0.07524327476212594, 0.9971289710988529, 0.0, -120.6620864868164, 3.220374492266537e-05, 173.27052307128906, 1.0], "T": [-120.6620864868164, 3.220374492266537e-05, 173.27052307128906]}, {"Q": [0.03727560407525759, -0.00404346576635044, 0.00015301847034693958, 0.9992968309320153], "timestamp": 1833, "M": [0.9999672539398884, 4.376486986848467e-06, 0.008092652764425884, 0.0, -0.0006072670029801968, 0.9972210118523448, 0.07449754859706993, 0.0, -0.008069837340758468, -0.07450002349685576, 0.9971883594508419, 0.0, -119.1764144897461, 3.441807348317803e-05, 173.27699279785156, 1.0], "T": [-119.1764144897461, 3.441807348317803e-05, 173.27699279785156]}, {"Q": [0.03690364084099762, -0.0038133316614177553, 0.000143141693518412, 0.9993115426656365], "timestamp": 1866, "M": [0.9999708760241912, 4.634649058180889e-06, 0.007631977589828134, 0.0, -0.0005675379372204431, 0.9972762016062685, 0.0737553768240879, 0.0, -0.0076108477912402335, -0.07375756021109578, 0.9972471595886375, 0.0, -117.68142700195312, 3.7073215935746e-05, 173.2827911376953, 1.0], "T": [-117.68142700195312, 3.7073215935746e-05, 173.2827911376953]}, {"Q": [0.03653271135723922, -0.003567592991478946, 0.00013285230258789835, 0.9993260807321109], "timestamp": 1900, "M": [0.9999745092610256, 4.857851727182016e-06, 0.007140084353291181, 0.0, -0.0005261932317184217, 0.9973306867023085, 0.07301523459240745, 0.0, -0.007120670533996827, -0.07301713044418193, 0.9973052665622716, 0.0, -116.17864990234375, 4.0224240365572206e-05, 173.28782653808594, 1.0], "T": [-116.17864990234375, 4.0224240365572206e-05, 173.28782653808594]}, {"Q": [0.03616341846286668, -0.0033046388701480733, 0.0001221079562396468, 0.9993404182843124], "timestamp": 1933, "M": [0.99997812890317, 5.040755469102874e-06, 0.006613750063783028, 0.0, -0.0004830689087883818, 0.9973843845094531, 0.07227832442114653, 0.0, -0.006596086699306468, -0.0722799385119407, 0.997362573054035, 0.0, -114.66963958740234, 4.3926207581902004e-05, 173.29193115234375, 1.0], "T": [-114.66963958740234, 4.3926207581902004e-05, 173.29193115234375]}, {"Q": [0.0357963815865584, -0.0030228583598977472, 0.00011086796273113729, 0.9993545262322777], "timestamp": 1966, "M": [0.9999817000712619, 5.178018072991447e-06, 0.0060497517120450825, 0.0, -0.00043800758340506256, 0.9974372135472088, 0.07154588164623381, 0.0, -0.00603387702444649, -0.07154722219882576, 0.9974189627852911, 0.0, -113.15592193603516, 4.823418203195951e-05, 173.29502868652344, 1.0], "T": [-113.15592193603516, 4.823418203195951e-05, 173.29502868652344]}, {"Q": [0.03543223258324667, -0.0027206394410172045, 9.909306915658734e-05, 0.9993683731216244], "timestamp": 2000, "M": [0.9999851766031913, 5.264299722743066e-06, 0.005444864201387265, 0.0, -0.00039085761751984617, 0.9974890941494606, 0.07081916607254789, 0.0, -0.00543081984669229, -0.07082024445859703, 0.9974743100303973, 0.0, -111.6390380859375, 5.3203224524990084e-05, 173.29698181152344, 1.0], "T": [-111.6390380859375, 5.3203224524990084e-05, 173.29698181152344]}, {"Q": [0.035071565824482544, -0.0023963716241888946, 8.674524931038922e-05, 0.9993819265670755], "timestamp": 2033, "M": [0.999988499756601, 5.294258437390178e-06, 0.004795865564547441, 0.0, -0.0003414722790680421, 0.9975399554917613, 0.07009936229508278, 0.0, -0.00478369639766284, -0.07010019379049871, 0.9975284853473155, 0.0, -110.12052917480469, 5.888840314619665e-05, 173.2976531982422, 1.0], "T": [-110.12052917480469, 5.888840314619665e-05, 173.2976531982422]}, {"Q": [0.03470993052539272, -0.002050729517090799, 7.362957320795642e-05, 0.999395322087339], "timestamp": 2066, "M": [0.9999915781742674, 4.808743933450268e-06, 0.00410409032723527, 0.0, -0.00028953146019182545, 0.9975904306032166, 0.06937758240542981, 0.0, -0.0040938676177526175, -0.06937818638278626, 0.9975820304627403, 0.0, -108.59197235107422, 6.44092579026657e-05, 173.29698181152344, 1.0], "T": [-108.59197235107422, 6.44092579026657e-05, 173.29698181152344]}, {"Q": [0.03434307143779189, -0.0016861664596592829, 5.965297474190958e-05, 0.9994086785336675], "timestamp": 2100, "M": [0.9999943065683857, 3.419130954653415e-06, 0.003374436119217828, 0.0, -0.00023505167167500287, 0.9976410997714825, 0.0686453261151714, 0.0, -0.003366241453725675, -0.0686457284545523, 0.9976354205737781, 0.0, -107.04489135742188, 6.911023228931689e-05, 173.2949676513672, 1.0], "T": [-107.04489135742188, 6.911023228931689e-05, 173.2949676513672]}, {"Q": [0.03397190327956522, -0.001303740565250478, 4.492945468133031e-05, 0.9994219369362705], "timestamp": 2133, "M": [0.9999965964837653, 1.225868477541138e-06, 0.002609026520147718, 0.0, -0.00017838806201488097, 0.9976918155378159, 0.06790441360144416, 0.0, -0.002602921163792366, -0.06790464790685473, 0.9976884200962047, 0.0, -105.4807357788086, 7.338379509783811e-05, 173.2916259765625, 1.0], "T": [-105.4807357788086, 7.338379509783811e-05, 173.2916259765625]}, {"Q": [0.03359735539570086, -0.0009045101385227614, 2.9570559189256118e-05, 0.999435039758666], "timestamp": 2166, "M": [0.9999983619739827, -1.6705911679273156e-06, 0.0018099852376858873, 0.0, -0.00011988600316392809, 0.9977424336719942, 0.0671566949576355, 0.0, -0.001806011267340564, -0.06715680194511786, 0.9977407991436489, 0.0, -103.90093994140625, 7.762239693002318e-05, 173.28697204589844, 1.0], "T": [-103.90093994140625, 7.762239693002318e-05, 173.28697204589844]}, {"Q": [0.03322034263900019, -0.0004895333615167687, 1.3685126118586291e-05, 0.9994479321129003], "timestamp": 2200, "M": [0.9999995203396107, -5.16979000576659e-06, 0.0009794354608938574, 0.0, -5.988007400546783e-05, 0.9977928172953298, 0.06640399211060996, 0.0, -0.0009776169625789878, -0.06640401890791311, 0.997792338384071, 0.0, -102.30695343017578, 8.22184811117083e-05, 173.281005859375, 1.0], "T": [-102.30695343017578, 8.22184811117083e-05, 173.281005859375]}, {"Q": [0.032841790314270654, -5.986896170621475e-05, -2.6208444315524377e-06, 0.999460561111739], "timestamp": 2233, "M": [0.9999999928176772, -9.171269065669162e-06, 0.00011950118567360647, 0.0, 1.3064535189147465e-06, 0.9978428336041691, 0.06564814866464451, 0.0, -0.00011984547856667593, -0.06564814803701557, 0.9978428264493219, 0.0, -100.7002182006836, 8.75644982446873e-05, 173.27374267578125, 1.0], "T": [-100.7002182006836, 8.75644982446873e-05, 173.27374267578125]}, {"Q": [0.03246262377257067, 0.0003834242985719678, -1.9244384525149952e-05, 0.9994728764069896], "timestamp": 2266, "M": [0.9999997052309219, -1.3574563212460372e-05, -0.0007676938195852632, 0.0, 6.336239821167473e-05, 0.9978923553749084, 0.06489100915784897, 0.0, 0.0007651949267269647, -0.06489103867290753, 0.9978920620872156, 0.0, -99.08218383789062, 9.405290620671163e-05, 173.2652130126953, 1.0], "T": [-99.08218383789062, 9.405290620671163e-05, 173.2652130126953]}, {"Q": [0.032083762163319485, 0.0008392874330629068, -3.6085691993664746e-05, 0.9994848305501566], "timestamp": 2300, "M": [0.999998588588855, -1.8279206717039847e-05, -0.0016800256451543574, 0.0, 0.00012598920027325272, 0.9979412618065407, 0.06413440660589818, 0.0, 0.0016753945861166636, -0.06413452775096945, 0.9979398556041045, 0.0, -97.45427703857422, 0.0001020761483236175, 173.2554168701172, 1.0], "T": [-97.45427703857422, 0.0001020761483236175, 173.2554168701172]}, {"Q": [0.031706124662989485, 0.0013066613535612566, -5.304824898448116e-05, 0.9994963789233283], "timestamp": 2333, "M": [0.9999965796439808, -2.3184729999776492e-05, -0.002615370491517973, 0.0, 0.0001889014010730718, 0.9979894376894763, 0.0633801749485056, 0.0, 0.0026086426739361517, -0.06338045221289294, 0.9979860285899241, 0.0, -95.81796264648438, 0.00011202668974911395, 173.24436950683594, 1.0], "T": [-95.81796264648438, 0.00011202668974911395, 173.24436950683594]}, {"Q": [0.03133064086324471, 0.0017844861604011132, -7.003892060620316e-05, 0.9995074795351916], "timestamp": 2366, "M": [0.9999936214073858, -2.8190659975027444e-05, -0.0035716032574318207, 0.0, 0.00025182704004285856, 0.9980367720752958, 0.06263016979591898, 0.0, 0.0035628258003599714, -0.06263066972985701, 0.9980304131044833, 0.0, -94.17466735839844, 0.00012429695925712195, 173.23207092285156, 1.0], "T": [-94.17466735839844, 0.00012429695925712195, 173.23207092285156]}, {"Q": [0.03095822580656446, 0.002271702394583373, -8.696804970501403e-05, 0.999518093913111], "timestamp": 2400, "M": [0.9999896636095775, -3.3196527151342135e-05, -0.004546600047785094, 0.0, 0.0003145080299386431, 0.9980831613829363, 0.06188621856716445, 0.0, 0.004535830541702197, -0.06188700882927151, 0.9980728552462806, 0.0, -92.5258560180664, 0.00013927943655326583, 173.2185516357422, 1.0], "T": [-92.5258560180664, 0.00013927943655326583, 173.2185516357422]}, {"Q": [0.030589807010670544, 0.0027672503274150987, -0.0001037495342495657, 0.9995281863302853], "timestamp": 2433, "M": [0.9999846631233194, -3.810186067047494e-05, -0.005538236758226487, 0.0, 0.000376700474533846, 0.9981285058861684, 0.06115017444127272, 0.0, 0.005525542045305921, -0.0611513228450032, 0.9981132120653509, 0.0, -90.8729476928711, 0.00015736655041146655, 173.2038116455078, 1.0], "T": [-90.8729476928711, 0.00015736655041146655, 173.2038116455078]}, {"Q": [0.030226301583586128, 0.003270070034872458, -0.00012030083301211274, 0.9995377245818463], "timestamp": 2466, "M": [0.9999785843393532, -4.280619564144977e-05, -0.006544389222278153, 0.0, 0.0004381746879354617, 0.9981727124405754, 0.060423870630466274, 0.0, 0.006529844225240629, -0.060425444199063066, 0.9981513546690902, 0.0, -89.21739959716797, 0.0001789507805373484, 173.1878662109375, 1.0], "T": [-89.21739959716797, 0.0001789507805373484, 173.1878662109375]}, {"Q": [0.029868637010385543, 0.003779100235496491, -0.00013654300103337514, 0.9995466793904929], "timestamp": 2500, "M": [0.9999713995148378, -4.7209060234031096e-05, -0.007562930889617042, 0.0, 0.0004987153528736599, 0.9982156917583013, 0.05970916186392697, 0.0, 0.007546617476280345, -0.05971122590267641, 0.9981871658491037, 0.0, -87.5606460571289, 0.00020442453387695947, 173.17071533203125, 1.0], "T": [-87.5606460571289, 0.00020442453387695947, 173.17071533203125]}, {"Q": [0.02951773242741668, 0.004293281812567696, -0.00015240075596964438, 0.9995550249874345], "timestamp": 2533, "M": [0.999963089010575, -5.120999532494816e-05, -0.008591739868351298, 0.0, 0.0005581217704404192, 0.9982573604927061, 0.059007886949330124, 0.0, 0.008573745769405507, -0.05901050414690543, 0.9982205424072426, 0.0, -85.90414428710938, 0.00023418030468783934, 173.15240478515625, 1.0], "T": [-85.90414428710938, 0.00023418030468783934, 173.15240478515625]}, {"Q": [0.02917450901226844, 0.00481155340643335, -0.00016780235555218062, 0.9995627388113663], "timestamp": 2566, "M": [0.999953641592373, -5.470854775147137e-05, -0.009628690104412028, 0.0, 0.000616207380627474, 0.9982976397325249, 0.058321889483568916, 0.0, 0.009609107899074681, -0.05832511904355076, 0.9982513939554201, 0.0, -84.24934387207031, 0.00026861051446795133, 173.13291931152344, 1.0], "T": [-84.24934387207031, 0.00026861051446795133, 173.13291931152344]}, {"Q": [0.028839894135136802, 0.005332854806874503, -0.0001826796924587428, 0.9995698013615721], "timestamp": 2600, "M": [0.9999430545754775, -5.760427167092513e-05, -0.010671658165977602, 0.0, 0.0006728001439441894, 0.9983364542688081, 0.05765302609534283, 0.0, 0.010650584314013004, -0.05765692291244703, 0.9982796423317658, 0.0, -82.59765625, 0.0003081076138190893, 173.11227416992188, 1.0], "T": [-82.59765625, 0.0003081076138190893, 173.11227416992188]}, {"Q": [0.02851480471432619, 0.0058561256713718975, -0.00019696811652324684, 0.999576196649253], "timestamp": 2633, "M": [0.9999313339913644, -5.979672174750387e-05, -0.011718520666135167, 0.0, 0.0007277418413543919, 0.9983737342313299, 0.0570031331489975, 0.0, 0.011696054636624735, -0.05700774702917196, 0.9983052234084498, 0.0, -80.95055389404297, 0.0003530640969987928, 173.09048461914062, 1.0], "T": [-80.95055389404297, 0.0003530640969987928, 173.09048461914062]}, {"Q": [0.02820016384794275, 0.00638030293860404, -0.000210606377688936, 0.9995819116702315], "timestamp": 2666, "M": [0.9999184947587306, -6.118547470420977e-05, -0.012767149085526544, 0.0, 0.0007808878277767877, 0.9984094128078056, 0.0563740599120998, 0.0, 0.012743392548093547, -0.05637943484206164, 0.9983280849867217, 0.0, -79.30946350097656, 0.0004038723709531098, 173.06756591796875, 1.0], "T": [-79.30946350097656, 0.0004038723709531098, 173.06756591796875]}, {"Q": [0.027896894568742055, 0.006904327086051104, -0.00022353667469058615, 0.9995869364753945], "timestamp": 2700, "M": [0.9999045605976878, -6.167011011236435e-05, -0.013815422278832002, 0.0, 0.0008321072492630748, 0.998443426609551, 0.05576765601765629, 0.0, 0.01379047836264764, -0.055773829498927466, 0.9983481870818185, 0.0, -77.67585754394531, 0.00046092490083574956, 173.04351806640625, 1.0], "T": [-77.67585754394531, 0.00046092490083574956, 173.04351806640625]}, {"Q": [0.027594383642477703, 0.007427773375143852, -0.0002306258323899611, 0.9995915790890821], "timestamp": 2733, "M": [0.9998895499888258, -5.113362370862863e-05, -0.014862207389745434, 0.0, 0.0008709929362010319, 0.9984769936062343, 0.05516280096551354, 0.0, 0.014836751478958098, -0.05516965311118333, 0.9983667563481584, 0.0, -76.03958129882812, 0.008805020712316406, 173.01829528808594, 1.0], "T": [-76.03958129882812, 0.008805020712316406, 173.01829528808594]}, {"Q": [0.027283138216140347, 0.007951580714598491, -0.00022729261669107332, 0.9995960939656], "timestamp": 2766, "M": [0.9998734414044113, -2.0513472316861178e-05, -0.01590914055808307, 0.0, 0.0008882897750096075, 0.9985111574142906, 0.05454062211278004, 0.0, 0.015884335534576306, -0.054547851455129845, 0.9983848054664364, 0.0, -74.39093017578125, 0.03257389739155806, 172.9917755126953, 1.0], "T": [-74.39093017578125, 0.03257389739155806, 172.9917755126953]}, {"Q": [0.026965758798944257, 0.008476736871118905, -0.00021431275266834337, 0.9996003935845859], "timestamp": 2800, "M": [0.9998561980041237, 2.8709059902475547e-05, -0.016958257237358842, 0.0, 0.0008856175075723637, 0.9985456038448823, 0.05390633287183839, 0.0, 0.016935140813374876, -0.05391359956308837, 0.9984019855688299, 0.0, -72.73197174072266, 0.07005335390567817, 172.9640350341797, 1.0], "T": [-72.73197174072266, 0.07005335390567817, 172.9640350341797]}, {"Q": [0.0266448514759465, 0.00900422820556391, -0.00019246615553254328, 0.9996043911073149], "timestamp": 2833, "M": [0.9998377736624022, 9.505261796580996e-05, -0.018011588569884662, 0.0, 0.0008646126748053044, 0.9985800296932075, 0.05326515505314416, 0.0, 0.01799107564137142, -0.053272087089889224, 0.9984179515284938, 0.0, -71.06474304199219, 0.11952919512987174, 172.93504333496094, 1.0], "